%YAML:1.0
---
calibration_time: "Wed 26 Oct 2022 03:53:57 PM CDT"
image_width: 1280
image_height: 720
flags: 0
camera_matrix: !!opencv-matrix
   rows: 3
   cols: 3
   dt: d
   data: [ 7.0984636793366960e+01, 0., 6.4715891839973824e+02, 0.,
       1.9338808986933250e+02, 3.5878480661929598e+02, 0., 0., 1. ]
distortion_coefficients: !!opencv-matrix
   rows: 1
   cols: 5
   dt: d
   data: [ -2.5116141766972480e-02, 1.3468349953260172e-04,
       3.1276274718833926e-03, -7.0168267958739738e-03,
       1.5298914191749738e-06 ]
avg_reprojection_error: 2.4629254127625753e+01
