%YAML:1.0
---
calibration_time: "Wed 26 Oct 2022 03:53:57 PM CDT"
image_width: 1280
image_height: 720
flags: 0
camera_matrix: !!opencv-matrix
   rows: 3
   cols: 3
   dt: d
   data: [ 716.90307747, 0., 388.38933487, 0.,
       721.7667221, 174.36213348, 0., 0., 1. ]
distortion_coefficients: !!opencv-matrix
   rows: 1
   cols: 5
   dt: d
   data: [ 4.84817139e-04, -5.20382836e-01,
       -4.45816498e-02, -6.53640567e-03,
       1.15591981e+00 ]
avg_reprojection_error: 2.4629254127625753e+01
