%YAML:1.0
---
calibration_time: "Thu 03 Nov 2022 01:09:07 PM CST"
image_width: 1280
image_height: 720
flags: 0
camera_matrix: !!opencv-matrix
   rows: 3
   cols: 3
   dt: d
   data: [ 2.9941718843657395e+02, 0., 6.4751554672185216e+02, 0.,
       6.0561150473868139e+01, 3.4816728949091350e+02, 0., 0., 1. ]
distortion_coefficients: !!opencv-matrix
   rows: 1
   cols: 5
   dt: d
   data: [ -1.9824899817953563e-02, 1.0100244263164557e-03,
       1.3344527154300208e-02, -2.9017312140182153e-03,
       -1.6350812667024035e-05 ]
avg_reprojection_error: 1.9313805881497359e+01
