image_width: 1280
image_height: 720
camera_name: test_camera
camera_matrix:
  rows: 3
  cols: 3
  data: [762.7249337622711, 0, 640.5, 0, 762.7249337622711, 360.5, 0, 0, 1]
distortion_model: plumb_bob
distortion_coefficients:
  rows: 1
  cols: 5
  data: [0, 0, 0, 0, 0]
rectification_matrix:
  rows: 3
  cols: 3
  data: [1, 0, 0, 0, 1, 0, 0, 0, 1]
projection_matrix:
  rows: 3
  cols: 4
  data: [762.7249337622711, 0.000000, 640.5, 0.000000, 0.000000, 762.7249337622711, 360.5, 0.000000, 0.000000, 0.000000, 1.000000, 0.000000]
