%YAML:1.0
---
calibration_time: "Tue 01 Nov 2022 11:47:34 AM CST"
image_width: 1056
image_height: 704
flags: 0
camera_matrix: !!opencv-matrix
   rows: 3
   cols: 3
   dt: d
   data: [ 4.8811281084443516e+02, 0., 4.9250034378452790e+02, 0.,
       7.5008353989798297e+03, 2.0298602876181545e+02, 0., 0., 1. ]
distortion_coefficients: !!opencv-matrix
   rows: 1
   cols: 5
   dt: d
   data: [ 5.4973686430109083e+00, -8.6465801231319887e+01,
       -8.7531622025741745e-03, 2.1834736083423259e-01,
       2.5623278467648396e+02 ]
avg_reprojection_error: 1.4395448328845925e+01
