%YAML:1.0
---
calibration_time: "Tue 25 Oct 2022 10:55:35 PM CDT"
image_width: 1280
image_height: 720
flags: 0
camera_matrix: !!opencv-matrix
   rows: 3
   cols: 3
   dt: d
   data: [ 3.4356296925106693e+02, 0., 7.9228594753364575e+02, 0.,
       9.6856430661463514e+02, 3.3924315006124493e+02, 0., 0., 1. ]
distortion_coefficients: !!opencv-matrix
   rows: 1
   cols: 5
   dt: d
   data: [ -1.5171904515514184e-01, 1.8196077359035187e-03,
       -1.1939939611322347e-02, -1.7861453042277285e-02,
       2.6467444320983174e-04 ]
avg_reprojection_error: 2.8444246295053738e+01
