%YAML:1.0
---
calibration_time: "Thu 27 Oct 2022 11:22:52 AM CDT"
image_width: 1280
image_height: 720
flags: 0
camera_matrix: !!opencv-matrix
   rows: 3
   cols: 3
   dt: d
<<<<<<< HEAD
   data: [ 716.90307747, 0., 388.38933487, 0.,
       721.7667221, 174.36213348, 0., 0., 1. ]
=======
   data: [ 1.0184422058288489e+02, 0., 6.2848178395677201e+02, 0.,
       2.3602717567981068e+02, 3.5986254386092833e+02, 0., 0., 1. ]
>>>>>>> 1bf60e5e5b68acf448fa6acbd64d375ac2867f41
distortion_coefficients: !!opencv-matrix
   rows: 1
   cols: 5
   dt: d
<<<<<<< HEAD
   data: [ 4.84817139e-04, -5.20382836e-01,
       -4.45816498e-02, -6.53640567e-03,
       1.15591981e+00 ]
avg_reprojection_error: 2.4629254127625753e+01
=======
   data: [ -1.6508893974687300e-02, -3.9938960641516097e-04,
       -2.4478586189533580e-03, 1.0547602871292017e-02,
       7.9170831049970193e-06 ]
avg_reprojection_error: 5.6213087476140302e+01
>>>>>>> 1bf60e5e5b68acf448fa6acbd64d375ac2867f41
