%YAML:1.0
---
calibration_time: "Fri 28 Oct 2022 06:29:39 PM CDT"
image_width: 1280
image_height: 720
flags: 0
camera_matrix: !!opencv-matrix
   rows: 3
   cols: 3
   dt: d
   data: [ 5.8901296437847498e+02, 0., 5.5249298180043627e+02, 0.,
       2.0316139302632510e+02, 3.3170537281642027e+02, 0., 0., 1. ]
distortion_coefficients: !!opencv-matrix
   rows: 1
   cols: 5
   dt: d
   data: [ -8.4118491340166829e-02, -1.2715173487685048e-02,
       2.0545397545826089e-02, 1.8904162091286054e-02,
       3.4098297596838766e-03 ]
avg_reprojection_error: 4.5887719691882847e+00
