%YAML:1.0
---
calibration_time: "Thu 20 Oct 2022 10:55:32 PM CDT"
image_width: 2304
image_height: 1536
flags: 0
camera_matrix: !!opencv-matrix
   rows: 3
   cols: 3
   dt: d
   data: [ 1.1374290462068243e+03, 0., 1.2937802572677624e+03, 0.,
       1.0059931498983537e+03, 7.3424276685922359e+02, 0., 0., 1. ]
distortion_coefficients: !!opencv-matrix
   rows: 1
   cols: 5
   dt: d
   data: [ 1.3104301834064416e+00, -1.4778692560096891e+00,
       1.1524149945003444e-01, 6.4294064947133883e-02,
       2.9781653427161264e-01 ]
avg_reprojection_error: 3.6314858587750003e+01
