%YAML:1.0
---
calibration_time: "Tue 25 Oct 2022 11:59:24 PM CDT"
image_width: 1280
image_height: 720
flags: 0
camera_matrix: !!opencv-matrix
   rows: 3
   cols: 3
   dt: d
   data: [ 6.2121110397108666e+01, 0., 6.1566065054636272e+02, 0.,
       4.3380310259636531e+02, 3.3111581365227289e+02, 0., 0., 1. ]
distortion_coefficients: !!opencv-matrix
   rows: 1
   cols: 5
   dt: d
   data: [ -1.3847884547432656e-02, -4.4166808133376461e-06,
       -2.0088245451870090e-03, -3.2433272351108907e-03,
       6.7508475191325521e-07 ]
avg_reprojection_error: 8.9131534970787271e+01
